token	corpus size	all contexts size	frequency	co-frequency	specificity
பெற்ற	109600	2670	47	12	9.03
படம்	109600	2670	262	25	8.14
உடனே	109600	2670	17	7	7.11
நீங்கள்	109600	2670	83	13	7.01
முதன்	109600	2670	20	7	6.55
முதலாக	109600	2670	20	7	6.55
தொடங்குன	109600	2670	4	4	6.45
ஹிட்..	109600	2670	4	4	6.45
எடுத்து	109600	2670	43	9	6.14
புகழ்	109600	2670	15	6	6.08
நிறைய	109600	2670	33	8	6.04
ISO	109600	2670	18	6	5.54
அந்த	109600	2670	209	18	5.47
எப்படி	109600	2670	97	12	5.42
அருமையான	109600	2670	32	7	5.04
இரவு	109600	2670	22	6	4.98
சிற்பங்களை	109600	2670	3	3	4.84
வைத்திருந்தேன்.	109600	2670	3	3	4.84
கமராவிலேயே	109600	2670	3	3	4.84
பிடித்திருக்கிரார்கள்.	109600	2670	3	3	4.84
செய்ய்யுது,	109600	2670	3	3	4.84
மூடித்தறக்குது,	109600	2670	3	3	4.84
பதிவாகின்றது	109600	2670	3	3	4.84
யோசிக்கத்தேவையில்லை.	109600	2670	3	3	4.84
'இந்த	109600	2670	3	3	4.84
விஸ்வரூபம்	109600	2670	4	3	4.25
ஹளேபீடு	109600	2670	4	3	4.25
பிடிக்க	109600	2670	4	3	4.25
நடித்த	109600	2670	30	6	4.17
எடுக்கும்	109600	2670	30	6	4.17
அன்பே	109600	2670	11	4	4.01
எனக்கும்	109600	2670	11	4	4.01
ஒரு	109600	2670	861	39	3.97
இடம்	109600	2670	33	6	3.93
திரையரங்குகளில்	109600	2670	5	3	3.86
shutter	109600	2670	5	3	3.86
அழகாக	109600	2670	5	3	3.86
சிவம்	109600	2670	5	3	3.86
தான்	109600	2670	125	11	3.70
செய்தால்	109600	2670	6	3	3.57
விழியன்	109600	2670	6	3	3.57
400	109600	2670	6	3	3.57
இருக்கு	109600	2670	14	4	3.56
மாதிரி	109600	2670	40	6	3.46
எடுக்க	109600	2670	57	7	3.41
நடிகர்	109600	2670	41	6	3.40
எல்லாம்	109600	2670	41	6	3.40
பார்த்து	109600	2670	27	5	3.40
கமரா	109600	2670	27	5	3.40
சென்றபோது	109600	2670	7	3	3.34
எடுப்பது	109600	2670	16	4	3.32
டாக்டர்	109600	2670	28	5	3.32
பார்க்க	109600	2670	43	6	3.29
பார்க்கச்	109600	2670	2	2	3.23
÷"சிவாஜி'	109600	2670	2	2	3.23
முடிவடைகிறது.	109600	2670	2	2	3.23
பிடிக்கும்,	109600	2670	2	2	3.23
தேதி.	109600	2670	2	2	3.23
வெற்றியடைய	109600	2670	2	2	3.23
எண்ணுங்கள்.	109600	2670	2	2	3.23
வேறாகவும்	109600	2670	2	2	3.23
இனூடாக	109600	2670	2	2	3.23
ஏற்றதைப்பொல	109600	2670	2	2	3.23
On	109600	2670	2	2	3.23
செய்தவுடனேயே	109600	2670	2	2	3.23
எடுக்கத்தயாரகிவிடும்	109600	2670	2	2	3.23
செக்கனிலேயே	109600	2670	2	2	3.23
கமரா,	109600	2670	2	2	3.23
லென்ஸ்,	109600	2670	2	2	3.23
லொகேசன்,	109600	2670	2	2	3.23
எடுதுவிட்டு	109600	2670	2	2	3.23
ப்ரிண்ட்	109600	2670	2	2	3.23
எடுத்துப்பாக்க	109600	2670	2	2	3.23
நாட்கணக்கில்	109600	2670	2	2	3.23
நினைத்தமாதிரி	109600	2670	2	2	3.23
நினைத்ததைவிட)	109600	2670	2	2	3.23
வேண்டுமென்றால்?	109600	2670	2	2	3.23
விரும்பு-	109600	2670	2	2	3.23
இல்லை?	109600	2670	2	2	3.23
வீரருக்கு	109600	2670	2	2	3.23
நன்றி....	109600	2670	2	2	3.23
பூங்கோதை	109600	2670	2	2	3.23
மதப்	109600	2670	2	2	3.23
பிரச்னை,	109600	2670	2	2	3.23
ஜாதிப்	109600	2670	2	2	3.23
ரிசர்வ்	109600	2670	2	2	3.23
திலகம்	109600	2670	8	3	3.15
புகைப்படக்கலைஞர்கள்	109600	2670	8	3	3.15
Result	109600	2670	8	3	3.15
சாதாரண	109600	2670	19	4	3.03
இருக்கும்.	109600	2670	50	6	2.95
நாள்	109600	2670	69	7	2.93
பிடித்து	109600	2670	10	3	2.84
மலையாளப்	109600	2670	3	2	2.76
பாராட்டினார்.	109600	2670	3	2	2.76
ரங்கோன்	109600	2670	3	2	2.76
எதிர்பாராதது.	109600	2670	3	2	2.76
அமர	109600	2670	3	2	2.76
மைசூர்	109600	2670	3	2	2.76
யோகானந்தா	109600	2670	3	2	2.76
வர்மா	109600	2670	3	2	2.76
செய்யலாம்	109600	2670	3	2	2.76
காத்திருக்க	109600	2670	3	2	2.76
விஷயத்தை(subject)	109600	2670	3	2	2.76
பார்த்துப்	109600	2670	3	2	2.76
உதவிய	109600	2670	3	2	2.76
ரோல்ல	109600	2670	3	2	2.76
சென்னையில்	109600	2670	11	3	2.71
உள்ளே	109600	2670	11	3	2.71
படத்தை	109600	2670	58	6	2.63
கிடைக்கும்	109600	2670	13	3	2.49
வந்துள்ள	109600	2670	4	2	2.47
காட்சியை	109600	2670	4	2	2.47
ராதா	109600	2670	4	2	2.47
திலகத்தின்	109600	2670	4	2	2.47
பிரகாஷ்ராஜ்	109600	2670	4	2	2.47
ஒரிஜினல்	109600	2670	4	2	2.47
யானை	109600	2670	4	2	2.47
சத்சங்கம்	109600	2670	4	2	2.47
நாமும்	109600	2670	4	2	2.47
விம்பம்	109600	2670	4	2	2.47
finder	109600	2670	4	2	2.47
தேவைக்கு	109600	2670	4	2	2.47
முன்னய	109600	2670	4	2	2.47
செட்	109600	2670	4	2	2.47
சொல்லியிருக்கும்	109600	2670	4	2	2.47
வருக	109600	2670	4	2	2.47
தாமதம்	109600	2670	4	2	2.47
அங்கேயும்	109600	2670	4	2	2.47
சந்தரபாரதி	109600	2670	4	2	2.47
ஹிட்	109600	2670	4	2	2.47
போல்	109600	2670	28	4	2.40
ரொம்ப	109600	2670	28	4	2.40
கொஞ்ச	109600	2670	14	3	2.40
வருடங்களுக்கு	109600	2670	14	3	2.40
கீழே	109600	2670	29	4	2.35
செய்ய	109600	2670	67	6	2.34
முன்	109600	2670	47	5	2.33
படத்தைப்	109600	2670	15	3	2.31
துப்பாக்கி	109600	2670	15	3	2.31
படத்தையும்	109600	2670	5	2	2.26
நிமிடம்	109600	2670	5	2	2.26
ரசிகர்களுக்கு	109600	2670	5	2	2.26
ஓடிய	109600	2670	5	2	2.26
வயதான	109600	2670	5	2	2.26
நேரத்துல	109600	2670	5	2	2.26
வசதி.	109600	2670	5	2	2.26
பாடம்	109600	2670	5	2	2.26
அருமையா	109600	2670	5	2	2.26
அதனால்	109600	2670	32	4	2.20
உங்களுக்கு	109600	2670	33	4	2.15
நிலையில்	109600	2670	33	4	2.15
நல்ல	109600	2670	74	6	2.14
வெளியாகும்	109600	2670	6	2	2.09
கலைஞரின்	109600	2670	6	2	2.09
அண்ணா	109600	2670	6	2	2.09
சார்	109600	2670	6	2	2.09
புன்னகை	109600	2670	6	2	2.09
ராம்	109600	2670	6	2	2.09
கோபால்	109600	2670	6	2	2.09
பதிவுக்கு	109600	2670	6	2	2.09
view	109600	2670	6	2	2.09
lens	109600	2670	6	2	2.09
வித்தியாசமாகவும்	109600	2670	6	2	2.09
எது?	109600	2670	6	2	2.09
வராமல்	109600	2670	6	2	2.09
ஆனது.	109600	2670	6	2	2.09
பாடல்கள்	109600	2670	18	3	2.09
தேடு	109600	2670	18	3	2.09
என்	109600	2670	128	8	2.04
இது.	109600	2670	19	3	2.03
எடுத்த	109600	2670	19	3	2.03
நானும்	109600	2670	19	3	2.03
முதல்	109600	2670	104	7	2.01
ன்னு	109600	2670	20	3	1.97
போய்	109600	2670	20	3	1.97
ஒளி	109600	2670	20	3	1.97
நிறைந்த	109600	2670	7	2	1.96
போடும்	109600	2670	7	2	1.96
யோகதா	109600	2670	7	2	1.96
விலையுயர்ந்த	109600	2670	7	2	1.96
ஏனென்றால்	109600	2670	7	2	1.96
காட்டி	109600	2670	7	2	1.96
எனது	109600	2670	39	4	1.91
தங்கள்	109600	2670	21	3	1.91
காட்சிகளை	109600	2670	22	3	1.86
சமயம்	109600	2670	22	3	1.86
இரண்டாவது	109600	2670	22	3	1.86
எடுக்கப்பட்ட	109600	2670	8	2	1.84
சொன்னார்.	109600	2670	8	2	1.84
கமலின்	109600	2670	8	2	1.84
16	109600	2670	8	2	1.84
பொருளடக்கத்தை	109600	2670	8	2	1.84
அனுப்பி	109600	2670	8	2	1.84
பிரச்னை	109600	2670	8	2	1.84
நம்மை	109600	2670	8	2	1.84
கொண்டு,	109600	2670	8	2	1.84
என்ன	109600	2670	141	8	1.83
நன்றாக	109600	2670	23	3	1.81
வேலை	109600	2670	65	5	1.79
என்று	109600	2670	498	19	1.77
மை	109600	2670	9	2	1.75
பொருளின்	109600	2670	9	2	1.75
எடுக்கலாம்.	109600	2670	9	2	1.75
காற்று	109600	2670	9	2	1.75
மட்டும்	109600	2670	68	5	1.72
5	109600	2670	45	4	1.72
மணி	109600	2670	25	3	1.71
பின்னர்	109600	2670	25	3	1.71
பிடித்த	109600	2670	26	3	1.67
அப்பறம்	109600	2670	10	2	1.66
18	109600	2670	10	2	1.66
வண்ணம்	109600	2670	10	2	1.66
பெயிண்டிங்	109600	2670	10	2	1.66
மொழிகள்	109600	2670	10	2	1.66
இந்த	109600	2670	379	15	1.66
பதிவு	109600	2670	48	4	1.64
பெரும்	109600	2670	27	3	1.63
உலக	109600	2670	27	3	1.63
"don't	109600	2670	1	1	1.61
movie"	109600	2670	1	1	1.61
மொழிபெயர்த்தது	109600	2670	1	1	1.61
கூகுள்.	109600	2670	1	1	1.61
மரகதம்	109600	2670	1	1	1.61
அவள்யார்	109600	2670	1	1	1.61
பாகப்பிரிவினை	109600	2670	1	1	1.61
சிவாஜியுடன்	109600	2670	1	1	1.61
கதாநாயகியாய்	109600	2670	1	1	1.61
தங்கப்பதுமை.ஜி.ராமனாதன்	109600	2670	1	1	1.61
சொதப்புவது	109600	2670	1	1	1.61
குறும்படத்தை..திரைப்படமும்	109600	2670	1	1	1.61
ஆக்கி..வெற்றிபடமும்	109600	2670	1	1	1.61
ஆக்கியுள்ளனர்.அனைத்து	109600	2670	1	1	1.61
பிரிவினரும்	109600	2670	1	1	1.61
அரவான்..	109600	2670	1	1	1.61
வராது.ஆனாலும்	109600	2670	1	1	1.61
எடுக்காவிடின்	109600	2670	1	1	1.61
அருமை.படத்தின்	109600	2670	1	1	1.61
நீளத்தை	109600	2670	1	1	1.61
குறைத்திருந்தால்...இன்னும்	109600	2670	1	1	1.61
விறுவிறுப்பாய்	109600	2670	1	1	1.61
ஏற்படுத்திவிடுகிறார்கள்.அதனால்	109600	2670	1	1	1.61
எதிர்ப்பார்க்க..அதில்	109600	2670	1	1	1.61
குறைந்தாலும்	109600	2670	1	1	1.61
வீழ்ந்து	109600	2670	1	1	1.61
விடுகிறது.அந்த	109600	2670	1	1	1.61
(the	109600	2670	1	1	1.61
home)	109600	2670	1	1	1.61
வடகரை	109600	2670	1	1	1.61
என்னைஇந்தப்	109600	2670	1	1	1.61
சொல்லியிருந்தார்.இப்படிப்பட்ட	109600	2670	1	1	1.61
நன்றி.இனி	109600	2670	1	1	1.61
பிஜூ	109600	2670	1	1	1.61
மனைவியையும்,	109600	2670	1	1	1.61
மகனையும்..தில்லியில்	109600	2670	1	1	1.61
வெடிகுண்டு	109600	2670	1	1	1.61
மீனா...மாலினி	109600	2670	1	1	1.61
கதானாயகி..படம்	109600	2670	1	1	1.61
வெற்றி..சித்திரம்	109600	2670	1	1	1.61
பேசுதடி..போன்ற	109600	2670	1	1	1.61
காத்தவராயன்...சிவாஜியின்	109600	2670	1	1	1.61
எண்ணிக்கையில்	109600	2670	1	1	1.61
அதிகம்...அவ்வளவுதான்	109600	2670	1	1	1.61
இதைத்தவிர	109600	2670	1	1	1.61
சாம்ராட்	109600	2670	1	1	1.61
அசோகன்	109600	2670	1	1	1.61
வசந்த	109600	2670	1	1	1.61
போலே	109600	2670	1	1	1.61
9:39 AM	109600	2670	1	1	1.61
1.ரேப்	109600	2670	1	1	1.61
எடுத்தாரே	109600	2670	1	1	1.61
தயாரிப்பாளரை	109600	2670	1	1	1.61
அரெஸ்ட்	109600	2670	1	1	1.61
பண்ணிட்டாங்க?	109600	2670	1	1	1.61
தவிர்த்து..மலையாளத்	109600	2670	1	1	1.61
திரையுலகில்	109600	2670	1	1	1.61
ஆஸ்காருக்குத்	109600	2670	1	1	1.61
தேர்ந்தெடுக்கப்பட்டுள்ள	109600	2670	1	1	1.61
2.கதை,வசனம்,டைரக்ஷன்,பாடல்,ஹீரோ	109600	2670	1	1	1.61
பொறுப்பையும்	109600	2670	1	1	1.61
ஏத்துக்கிட்டு..ஒரு	109600	2670	1	1	1.61
ஆசை..யாராவது	109600	2670	1	1	1.61
கிடைப்பாங்களா?	109600	2670	1	1	1.61
3Dயாகவே	109600	2670	1	1	1.61
எண்ணம்தான்	109600	2670	1	1	1.61
ஓடக்	109600	2670	1	1	1.61
வெளிவந்து	109600	2670	1	1	1.61
தேதியோடு	109600	2670	1	1	1.61
மாற்றப்படுகிற	109600	2670	1	1	1.61
விஷயமே	109600	2670	1	1	1.61
ஓடிக்கொண்டிருக்கும்போது	109600	2670	1	1	1.61
ரசிகரைப்	109600	2670	1	1	1.61
உற்சாகமாக	109600	2670	1	1	1.61
ரசித்துப்	109600	2670	1	1	1.61
முடித்ததும்	109600	2670	1	1	1.61
வியந்து	109600	2670	1	1	1.61
÷ரஜினியிடம்	109600	2670	1	1	1.61
"கோச்சடையான்	109600	2670	1	1	1.61
மாதத்திற்குள்	109600	2670	1	1	1.61
முடிவடைந்துவிடுமா'	109600	2670	1	1	1.61
"சூப்பர்'	109600	2670	1	1	1.61
நன்றி'	109600	2670	1	1	1.61
"நாற்பது	109600	2670	1	1	1.61
நிமிடப்	109600	2670	1	1	1.61
குறைஞ்சதே	109600	2670	1	1	1.61
தெரியல.	109600	2670	1	1	1.61
÷கவிஞர்	109600	2670	1	1	1.61
"இந்தப்	109600	2670	1	1	1.61
செல்லும்'	109600	2670	1	1	1.61
சிஸ்டத்தில	109600	2670	1	1	1.61
பாக்கறது	109600	2670	1	1	1.61
அனுபவமா	109600	2670	1	1	1.61
தசாவதாரக்	109600	2670	1	1	1.61
11ஆம்	109600	2670	1	1	1.61
வெளியாகிறது.பொங்கலை	109600	2670	1	1	1.61
சிலவும்	109600	2670	1	1	1.61
வெளியாவதால்...தியேட்டர்	109600	2670	1	1	1.61
தவிர்த்து...இப்போதெல்லாம்..எவ்வளவு	109600	2670	1	1	1.61
முடியுமோ..அவ்வளவு	109600	2670	1	1	1.61
வெளியாகி..விமரிசனங்கள்	109600	2670	1	1	1.61
வருவதற்குள்..நடத்தி	109600	2670	1	1	1.61
வசூலைப்	109600	2670	1	1	1.61
பெறுவதே	109600	2670	1	1	1.61
நோக்கமாகி	109600	2670	1	1	1.61
வழி..என	109600	2670	1	1	1.61
எண்ணியே	109600	2670	1	1	1.61
கமல்..தன்	109600	2670	1	1	1.61
டிடிஎச்	109600	2670	1	1	1.61
சில்	109600	2670	1	1	1.61
ஒளிபரப்ப	109600	2670	1	1	1.61
ஏற்பாடுசெய்துள்ளார்.இதற்காக	109600	2670	1	1	1.61
வரலாம்..ஆனால்	109600	2670	1	1	1.61
போக்கில்..எல்லா	109600	2670	1	1	1.61
படங்களுக்கும்	109600	2670	1	1	1.61
வரும்.மேலும்	109600	2670	1	1	1.61
அரங்கிற்குத்	109600	2670	1	1	1.61
வருவர்.	109600	2670	1	1	1.61
.திருட்டு	109600	2670	1	1	1.61
டிவிடியில்	109600	2670	1	1	1.61
வந்தும்	109600	2670	1	1	1.61
..திரையரங்கிற்கு	109600	2670	1	1	1.61
வரவில்லையா..	109600	2670	1	1	1.61
..அண்ணாவின்	109600	2670	1	1	1.61
கதை..உடன்	109600	2670	1	1	1.61
பானுமதி..எஸ்.எஸ்,ஆர்.,	109600	2670	1	1	1.61
பாடல்கள்..(பொது	109600	2670	1	1	1.61
நலம்).,	109600	2670	1	1	1.61
திரையிடப்பட்டது	109600	2670	1	1	1.61
காட்சியாகவே	109600	2670	1	1	1.61
வசனத்தை	109600	2670	1	1	1.61
டேக்-ல்	109600	2670	1	1	1.61
ராணி.	109600	2670	1	1	1.61
பிலிம்ஸ்	109600	2670	1	1	1.61
விநியோகித்த	109600	2670	1	1	1.61
தீபம்.	109600	2670	1	1	1.61
(continous	109600	2670	1	1	1.61
House	109600	2670	1	1	1.61
shows)	109600	2670	1	1	1.61
நிகழ்த்தியதும்	109600	2670	1	1	1.61
காசினோ	109600	2670	1	1	1.61
ஒருவருக்கு	109600	2670	1	1	1.61
தந்தையாக	109600	2670	1	1	1.61
எழுத,	109600	2670	1	1	1.61
தீட்ட,	109600	2670	1	1	1.61
4:58 PM	109600	2670	1	1	1.61
ஈரானிய	109600	2670	1	1	1.61
[manam2.jpg]	109600	2670	1	1	1.61
மொத்தம்	109600	2670	1	1	1.61
அத்துடன்,	109600	2670	1	1	1.61
கொண்டுவிடுகிறாள்	109600	2670	1	1	1.61
என்பதுடன்	109600	2670	1	1	1.61
நாளாகிவிட்டதால்	109600	2670	1	1	1.61
நாகேஷுக்காக	109600	2670	1	1	1.61
ஓடலாம்	109600	2670	1	1	1.61
காலம்.	109600	2670	1	1	1.61
விரும்பிகள்	109600	2670	1	1	1.61
யாரு	109600	2670	1	1	1.61
காதுலடா	109600	2670	1	1	1.61
சுத்துறீங்க	109600	2670	1	1	1.61
கேக்கறாங்களாம்.	109600	2670	1	1	1.61
பாக்கலாமா	109600	2670	1	1	1.61
வாயப்பொளக்காதீங்க	109600	2670	1	1	1.61
முடிச்சிட்டு	109600	2670	1	1	1.61
12:00	109600	2670	1	1	1.61
இதக்கேட்ட	109600	2670	1	1	1.61
ரொமான்டிக்கா,	109600	2670	1	1	1.61
பொயட்டிக்கா	109600	2670	1	1	1.61
இருக்குமோன்னு	109600	2670	1	1	1.61
நம்மல்ல	109600	2670	1	1	1.61
நினப்போம்.	109600	2670	1	1	1.61
ஆரம்பிச்சு	109600	2670	1	1	1.61
தியேட்டரே	109600	2670	1	1	1.61
ஆயிடுது.	109600	2670	1	1	1.61
எடுத்ததுக்கு	109600	2670	1	1	1.61
கிடைச்சிருக்கு.	109600	2670	1	1	1.61
சொல்லத்தோனுது.	109600	2670	1	1	1.61
ஒன்னக்கூட	109600	2670	1	1	1.61
பாத்தது	109600	2670	1	1	1.61
பளு,	109600	2670	1	1	1.61
மாற்றம்,	109600	2670	1	1	1.61
வாங்குதல்	109600	2670	1	1	1.61
வளர்ச்சியினாலும்	109600	2670	1	1	1.61
கண்டுபிடிப்புகளாலும்	109600	2670	1	1	1.61
நாட்டம்	109600	2670	1	1	1.61
அதிகமாகி	109600	2670	1	1	1.61
இல்லாமலே	109600	2670	1	1	1.61
[Lanterman_mill1.png]	109600	2670	1	1	1.61
இருந்தாலல்லவா	109600	2670	1	1	1.61
தேடச்	109600	2670	1	1	1.61
சொன்னேன்.	109600	2670	1	1	1.61
[Lanterman_mill2.png]	109600	2670	1	1	1.61
(கான்வாஸ்	109600	2670	1	1	1.61
inches)	109600	2670	1	1	1.61
ஆற்றலால்	109600	2670	1	1	1.61
எந்திர	109600	2670	1	1	1.61
அரவை	109600	2670	1	1	1.61
ஆலை.	109600	2670	1	1	1.61
[lady_potter_small.png]	109600	2670	1	1	1.61
அம்மாவுக்கு	109600	2670	1	1	1.61
தங்கக்	109600	2670	1	1	1.61
தூண்களைப்	109600	2670	1	1	1.61
வெளிபடுத்திய	109600	2670	1	1	1.61
’வாட்ஸ்-ஆப்’	109600	2670	1	1	1.61
கோடிட்டு	109600	2670	1	1	1.61
த்தைப்	109600	2670	1	1	1.61
தானோவென்று	109600	2670	1	1	1.61
போட்டிருக்கிறீரென்று	109600	2670	1	1	1.61
கேட்டுவிடக்	109600	2670	1	1	1.61
என்பதற்காகத்தான்.	109600	2670	1	1	1.61
போடாமலில்லை	109600	2670	1	1	1.61
தகுதி	109600	2670	1	1	1.61
பேசியில்	109600	2670	1	1	1.61
கோட்டோவியமாக	109600	2670	1	1	1.61
சக்கரத்தில்	109600	2670	1	1	1.61
மாட்டியதை	109600	2670	1	1	1.61
லைவ்வாக	109600	2670	1	1	1.61
பிடிப்பது	109600	2670	1	1	1.61
பேசும்.	109600	2670	1	1	1.61
அங்குலத்தில்	109600	2670	1	1	1.61
அங்குலத்திலும்	109600	2670	1	1	1.61
சென்டிமீட்டர்-செட்	109600	2670	1	1	1.61
சென்டிமீட்ட	109600	2670	1	1	1.61
ரிலும்	109600	2670	1	1	1.61
வரும்.இந்த	109600	2670	1	1	1.61
அகலத்திற்கு	109600	2670	1	1	1.61
மாற்றியபின்	109600	2670	1	1	1.61
புகைப்படத்தையே	109600	2670	1	1	1.61
பென்சிலால்	109600	2670	1	1	1.61
வரைந்ததுபோல்	109600	2670	1	1	1.61
http://wk.w3tamil.com/tamil99/index.htmjavascript:void(0)l	109600	2670	1	1	1.61
(freme	109600	2670	1	1	1.61
(subject)	109600	2670	1	1	1.61
நேரடியாகப்	109600	2670	1	1	1.61
எடுங்கள்	109600	2670	1	1	1.61
(Get	109600	2670	1	1	1.61
low)	109600	2670	1	1	1.61
[getlow-464x700.webp]	109600	2670	1	1	1.61
மட்டத்திலிருந்து(eye-level)	109600	2670	1	1	1.61
எடுக்கிறார்கள்.	109600	2670	1	1	1.61
[getlow1.webp]	109600	2670	1	1	1.61
கோணத்தில்(low	109600	2670	1	1	1.61
angle)	109600	2670	1	1	1.61
வாழ்க்கையை	109600	2670	1	1	1.61
பெரியதாக	109600	2670	1	1	1.61
பாம்பு	109600	2670	1	1	1.61
எடுக்கும்!)	109600	2670	1	1	1.61
(எ.கா)	109600	2670	1	1	1.61
-இந்த	109600	2670	1	1	1.61
பூனைப்	109600	2670	1	1	1.61
கேள்விகளுக்கு,	109600	2670	1	1	1.61
திரைக்கதையினால்	109600	2670	1	1	1.61
விழிகள்'.	109600	2670	1	1	1.61
வெற்றிபெற்றது.	109600	2670	1	1	1.61
பதிலளித்த	109600	2670	1	1	1.61
Trend	109600	2670	1	1	1.61
Setter.	109600	2670	1	1	1.61
இப்படியொரு	109600	2670	1	1	1.61
Stylish,	109600	2670	1	1	1.61
cast,	109600	2670	1	1	1.61
Thriller	109600	2670	1	1	1.61
தயாராகுமா	109600	2670	1	1	1.61
அப்பாவும்	109600	2670	1	1	1.61
எம்.ஜி.ஆர்	109600	2670	1	1	1.61
'அன்பே	109600	2670	1	1	1.61
பார்த்துக்கொண்டிருந்த	109600	2670	1	1	1.61
September'	109600	2670	1	1	1.61
தழுவல்'	109600	2670	1	1	1.61
கொஞ்சநாள்	109600	2670	1	1	1.61
நண்பருடைய	109600	2670	1	1	1.61
disk	109600	2670	1	1	1.61
ஆராய்ந்தபோது,	109600	2670	1	1	1.61
புனைவுகள்	109600	2670	1	1	1.61
ஆல்பத்தை	109600	2670	1	1	1.61
திரும்(ப்)பி	109600	2670	1	1	1.61
காப்பியாண்டா'	109600	2670	1	1	1.61
பொலம்ப,	109600	2670	1	1	1.61
ஆதலால்	109600	2670	1	1	1.61
துணுக்கு.	109600	2670	1	1	1.61
நெகிழ்ச்சி	109600	2670	1	1	1.61
கன்னியாஸ்த்ரி	109600	2670	1	1	1.61
நர்ஸ்	109600	2670	1	1	1.61
மச்சி!	109600	2670	1	1	1.61
//இரண்டு	109600	2670	1	1	1.61
வில்லை//	109600	2670	1	1	1.61
தோன்றியதோ	109600	2670	1	1	1.61
எழுதினேன்	109600	2670	1	1	1.61
//பெருமை	109600	2670	1	1	1.61
Favorite	109600	2670	1	1	1.61
Listல்	109600	2670	1	1	1.61
இருந்தது..	109600	2670	1	1	1.61
பார்த்தேன்(நீங்கள்	109600	2670	1	1	1.61
போலவே..)	109600	2670	1	1	1.61
@பிரியா,	109600	2670	1	1	1.61
எல்லார்க்குமே	109600	2670	1	1	1.61
வந்திருக்காது.	109600	2670	1	1	1.61
புதுமையான	109600	2670	1	1	1.61
மேட்ரிக்ஸ்	109600	2670	1	1	1.61
(The	109600	2670	1	1	1.61
Matrix)	109600	2670	1	1	1.61
85-65-75	109600	2670	1	1	1.61
கதை...	109600	2670	1	1	1.61
2:30 PM	109600	2670	1	1	1.61
Basics,	109600	2670	1	1	1.61
DSLR,	109600	2670	1	1	1.61
பாடங்கள்,	109600	2670	1	1	1.61
விரும்பு,	109600	2670	1	1	1.61
வணக்கம்,	109600	2670	1	1	1.61
புகைப்படக்கலைக்கு	109600	2670	1	1	1.61
விடயங்களை	109600	2670	1	1	1.61
தெளிவாக்கும்.	109600	2670	1	1	1.61
எடுப்பதை	109600	2670	1	1	1.61
grainy	109600	2670	1	1	1.61
ஆகிக்கொண்டே	109600	2670	1	1	1.61
போகும்!	109600	2670	1	1	1.61
வேண்டும்.இல்லையெனில்	109600	2670	1	1	1.61
சொர	109600	2670	1	1	1.61
சொரவென்றிருக்கும்!!	109600	2670	1	1	1.61
-2.-0.67,0	109600	2670	1	1	1.61
பழகவில்லை!	109600	2670	1	1	1.61
9:36 AM	109600	2670	1	1	1.61
நல்லதொரு	109600	2670	1	1	1.61
(12	109600	2670	1	1	1.61
வருட)	109600	2670	1	1	1.61
மேலோங்குகிறது	109600	2670	1	1	1.61
புகைப்படங்கள்//	109600	2670	1	1	1.61
ஆச்சு\?	109600	2670	1	1	1.61
D3/D700	109600	2670	1	1	1.61
FULL	109600	2670	1	1	1.61
FRAME	109600	2670	1	1	1.61
சென்சர்ல	109600	2670	1	1	1.61
புடிச்சு	109600	2670	1	1	1.61
பாருங்க.	109600	2670	1	1	1.61
ஃபுல்	109600	2670	1	1	1.61
சைஸில	109600	2670	1	1	1.61
பாத்திட்டு	109600	2670	1	1	1.61
சொல்லுங்க,	109600	2670	1	1	1.61
800’ல	109600	2670	1	1	1.61
மாதிரியா	109600	2670	1	1	1.61
பந்திக்கு	109600	2670	1	1	1.61
முந்திக்கோ	109600	2670	1	1	1.61
விரும்பு	109600	2670	1	1	1.61
Histogram	109600	2670	1	1	1.61
பார்த்தது	109600	2670	1	1	1.61
தோழியுடன்	109600	2670	1	1	1.61
சென்றது,	109600	2670	1	1	1.61
இறுதித்	109600	2670	1	1	1.61
வகுப்புமாக	109600	2670	1	1	1.61
ஏன்பாட்டியின்	109600	2670	1	1	1.61
துணை?!யுடன்	109600	2670	1	1	1.61
பார்த்தபடம்	109600	2670	1	1	1.61
(நினைவுகளால்)	109600	2670	1	1	1.61
தேய்பிறை	109600	2670	1	1	1.61
நிலவாகும்	109600	2670	1	1	1.61
உன்னில்	109600	2670	1	1	1.61
கலந்தால்	109600	2670	1	1	1.61
புதுமுகம்	109600	2670	1	1	1.61
தர்மத்திற்காக	109600	2670	1	1	1.61
செய்பவனின்	109600	2670	1	1	1.61
நியாய	109600	2670	1	1	1.61
அதர்மங்களின்	109600	2670	1	1	1.61
மேலிட்ட,	109600	2670	1	1	1.61
பாலச்சந்தர்	109600	2670	1	1	1.61
தலைவிதியாக	109600	2670	1	1	1.61
எடுத்துதானே	109600	2670	1	1	1.61
படுத்துவார்.	109600	2670	1	1	1.61
துணியால்	109600	2670	1	1	1.61
துத்தநாக	109600	2670	1	1	1.61
ஆக்ஸைடுடன்	109600	2670	1	1	1.61
பூசப்பட்டிருக்கிறது,	109600	2670	1	1	1.61
சாயங்களைப்	109600	2670	1	1	1.61
வரையப்பட்டுள்ளது;	109600	2670	1	1	1.61
விலைமதிப்பற்ற	109600	2670	1	1	1.61
கற்கள்,	109600	2670	1	1	1.61
தங்க	109600	2670	1	1	1.61
போகிற	109600	2670	1	1	1.61
ரகுமானுடைய	109600	2670	1	1	1.61
சுவரொட்டி,	109600	2670	1	1	1.61
பதாகைகள்	109600	2670	1	1	1.61
வைத்தார்கள்.	109600	2670	1	1	1.61
விற்கப்பட்டு	109600	2670	1	1	1.61
வண்ணங்கள்.படம்	109600	2670	1	1	1.61
எடுக்கறது	109600	2670	1	1	1.61
தெரிஞ்சுக்கறதுக்கு	109600	2670	1	1	1.61
தெரியனும்!!	109600	2670	1	1	1.61
ஊருல	109600	2670	1	1	1.61
எம்புட்டு	109600	2670	1	1	1.61
குளிரா	109600	2670	1	1	1.61
இருக்கும்னு	109600	2670	1	1	1.61
(இவரு	109600	2670	1	1	1.61
எடுத்ததும்	109600	2670	1	1	1.61
மிசிகன்	109600	2670	1	1	1.61
தான்).	109600	2670	1	1	1.61
crisp-a	109600	2670	1	1	1.61
பாருங்க.தண்ணீரின்	109600	2670	1	1	1.61
மரங்களின்	109600	2670	1	1	1.61
மத்தபடி	109600	2670	1	1	1.61
நடு	109600	2670	1	1	1.61
சூப்பர்!	109600	2670	1	1	1.61
வடுவூர்	109600	2670	1	1	1.61
குமார்January	109600	2670	1	1	1.61
8:40 AM	109600	2670	1	1	1.61
எனக்கென்னவோ	109600	2670	1	1	1.61
பிடித்திருக்கு.	109600	2670	1	1	1.61
jeevagvJanuary	109600	2670	1	1	1.61
8:58 AM	109600	2670	1	1	1.61
பூக்களின்	109600	2670	1	1	1.61
சி.வி.ஆர்!	109600	2670	1	1	1.61
பிடித்தவரின்	109600	2670	1	1	1.61
பாராட்டாமல்	109600	2670	1	1	1.61
முடியவில்லை!!	109600	2670	1	1	1.61
மத்தபடி,	109600	2670	1	1	1.61
பிடிக்கல.	109600	2670	1	1	1.61
அனுசுயாJanuary	109600	2670	1	1	1.61
3:53 PM	109600	2670	1	1	1.61
G.RagavanJanuary	109600	2670	1	1	1.61
2:49 AM	109600	2670	1	1	1.61
மொத	109600	2670	1	1	1.61
அழகுன்னா	109600	2670	1	1	1.61
மூனாவது	109600	2670	1	1	1.61
முடியாது!!//	109600	2670	1	1	1.61
இப்பத்தான்	109600	2670	1	1	1.61
வந்தேன்.எனக்கெல்லாம்	109600	2670	1	1	1.61
தெரியுது.ஒரு	109600	2670	1	1	1.61
வேளைப்	109600	2670	1	1	1.61
வீட்டுல	109600	2670	1	1	1.61
மாட்டிங்கிறாங்க	109600	2670	1	1	1.61
போல!	109600	2670	1	1	1.61
BTW,	109600	2670	1	1	1.61
எடுத்துப்	109600	2670	1	1	1.61
போட்டேன்	109600	2670	1	1	1.61
flowers	109600	2670	1	1	1.61
contest'க்கு...	109600	2670	1	1	1.61
எல்லோருமே	109600	2670	1	1	1.61
கவனிக்கும்படி	109600	2670	1	1	1.61
இருப்பீர்கள்	109600	2670	1	1	1.61
வரவேற்பில்லையே!	109600	2670	1	1	1.61
பிடிக்கிறார்	109600	2670	1	1	1.61
டெக்னிஷியன்கள்,	109600	2670	1	1	1.61
உழைப்பில்	109600	2670	1	1	1.61
வழியேயும்	109600	2670	1	1	1.61
அக்காட்சிகளை	109600	2670	1	1	1.61
திருமணத்துக்குப்	109600	2670	1	1	1.61
ஆரம்பத்திலிருந்து	109600	2670	1	1	1.61
ஒருவித	109600	2670	1	1	1.61
ஏற்படுவதை	109600	2670	1	1	1.61
செய்துவிடுவார்.(பின்னாளில்	109600	2670	1	1	1.61
கே.பாலசந்தரின்..அச்சமில்லை..அச்சமில்லை.ஞாபகம்	109600	2670	1	1	1.61
வருகிறதா?)அந்தநாளில்..அந்தநாள்	109600	2670	1	1	1.61
நம்பாதே...ஏறாத	109600	2670	1	1	1.61
மலைமேலே..அபாய	109600	2670	1	1	1.61
அறிவிப்பு,	109600	2670	1	1	1.61
சுந்தரி	109600	2670	1	1	1.61
சௌந்தரி..குரங்கிலிருந்து	109600	2670	1	1	1.61
கமல்ஹாசன்..விஸ்வரூபம்	109600	2670	1	1	1.61
போடப்படுகின்றன.அதனால்தான்	109600	2670	1	1	1.61
ஏற்படுகிறது	109600	2670	1	1	1.61
வாழ்த்தினாலும்...வசூலிலும்	109600	2670	1	1	1.61
சாதனைப்	109600	2670	1	1	1.61
எதிர்பார்க்கலாம்.	109600	2670	1	1	1.61
பணம்..என்.எஸ்.கே.,மதுரம்.,பத்மினி.,	109600	2670	1	1	1.61
மிருகமும்,பரதேசி(தெலுங்கு),பொம்புடு	109600	2670	1	1	1.61
கொடுகு(தெலுங்கு)	109600	2670	1	1	1.61
பர்தெசி	109600	2670	1	1	1.61
பிக்க்ஷர்ஸ்	109600	2670	1	1	1.61
தயாரிப்பு.திரைக்கதை,இயக்கம்	109600	2670	1	1	1.61
எல்.வி	109600	2670	1	1	1.61
பிரசாத்.இசை	109600	2670	1	1	1.61
நாராயண	109600	2670	1	1	1.61
பேரில்..சற்று	109600	2670	1	1	1.61
..சில	109600	2670	1	1	1.61
இடைவெளியில்	109600	2670	1	1	1.61
நினைத்தாலும்...உடன்..நீண்ட	109600	2670	1	1	1.61
கழித்து..முன்னணி	109600	2670	1	1	1.61
நடித்து..வெற்றி	109600	2670	1	1	1.61
என்பதால்..கண்டிப்பாக	109600	2670	1	1	1.61
விமரிசனமாய்	109600	2670	1	1	1.61
எண்ணியதால்தான்	109600	2670	1	1	1.61
விட்டனர்..(சன்..கலைஞர்..???)	109600	2670	1	1	1.61
27-12-12	109600	2670	1	1	1.61
வெடிப்பு	109600	2670	1	1	1.61
13-11-12	109600	2670	1	1	1.61
வந்துவிட்டதே	109600	2670	1	1	1.61
(வரும்	109600	2670	1	1	1.61
விட்டார்	109600	2670	1	1	1.61
.போதிதர்மன்	109600	2670	1	1	1.61
ஓட்டைகள்	109600	2670	1	1	1.61
இருந்தாலும்..இரண்டே	109600	2670	1	1	1.61
முக்கால்	109600	2670	1	1	1.61
போவதே	109600	2670	1	1	1.61
வேகமாகப்	109600	2670	1	1	1.61
போகிறது	109600	2670	1	1	1.61
இருந்தும்..சில	109600	2670	1	1	1.61
அமைப்புகளாலும்..மதக்கலவரத்தைத்	109600	2670	1	1	1.61
தூண்டும்	109600	2670	1	1	1.61
விதமாகவும்	109600	2670	1	1	1.61
அமைந்துள்ளது	109600	2670	1	1	1.61
சில,	109600	2670	1	1	1.61
பாசிட்டிவான	109600	2670	1	1	1.61
ரிசல்ட்	109600	2670	1	1	1.61
ஆரம்பித்துள்ள	109600	2670	1	1	1.61
இளையதளபதி	109600	2670	1	1	1.61
விஜய்..மற்றும்	109600	2670	1	1	1.61
வியாழன்	109600	2670	1	1	1.61
பார்க்கிறேன்...அதற்கு	109600	2670	1	1	1.61
சமயத்திலே	109600	2670	1	1	1.61
கவலைத்	109600	2670	1	1	1.61
தெரியாம...நீங்க	109600	2670	1	1	1.61
வேற..'	109600	2670	1	1	1.61
'அடடே..உங்களுக்கு	109600	2670	1	1	1.61
தெரியாதா.9ஆம்	109600	2670	1	1	1.61
தேதியே	109600	2670	1	1	1.61
வரும்னு..மாப்பிள்ளை	109600	2670	1	1	1.61
பண்ணீருந்தாராம்.ஆனால்	109600	2670	1	1	1.61
போனதால...முதல்	109600	2670	1	1	1.61
பண்ணினவங்க	109600	2670	1	1	1.61
எல்லாம்..படம்	109600	2670	1	1	1.61
13ஆம்	109600	2670	1	1	1.61
தேதிக்கு	109600	2670	1	1	1.61
எடுப்...	109600	2670	1	1	1.61
விளைவுகள்	109600	2670	1	1	1.61
ஏற்படுகின்றன	109600	2670	1	1	1.61
சாரா.	109600	2670	1	1	1.61
படத்தொகுப்பாளர்	109600	2670	1	1	1.61
ஆபிரகாம்	109600	2670	1	1	1.61
சலிப்பின்றி	109600	2670	1	1	1.61
என்பதற்காகக்	109600	2670	1	1	1.61
செலுத்தியிருப்பது	109600	2670	1	1	1.61
தெரிகிறது.அது	109600	2670	1	1	1.61
அடிக்கும்தான்.	109600	2670	1	1	1.61
கரியா	109600	2670	1	1	1.61
அழிக்கப்படும்.^[29]	109600	2670	1	1	1.61
[250px-Edward_Law._Pencil_drawing_by_H._M._Raeburn%2C_1909._Wellcome_V0	109600	2670	1	1	1.61
003431.jpg]	109600	2670	1	1	1.61
நிலையானதாகத்	109600	2670	1	1	1.61
தோற்றமளிக்க	109600	2670	1	1	1.61
வைக்கிறது.^[30]	109600	2670	1	1	1.61
சுத்திகரிக்கப்பட்ட	109600	2670	1	1	1.61
கலையான	109600	2670	1	1	1.61
உடற்கூறியல்	109600	2670	1	1	1.61
புரிதலை	109600	2670	1	1	1.61
ஒளிவாங்கி,படமி(சுருக்கம்	109600	2670	1	1	1.61
ஒளிவாங்கி	109600	2670	1	1	1.61
'நி'	109600	2670	1	1	1.61
னா	109600	2670	1	1	1.61
(ஆங்கிலம்:	109600	2670	1	1	1.61
Camera)	109600	2670	1	1	1.61
பிடிப்பதற்கான	109600	2670	1	1	1.61
காட்சிகளிலிருந்து	109600	2670	1	1	1.61
ஒளியைக்	109600	2670	1	1	1.61
குவித்து	109600	2670	1	1	1.61
ஒளியுணர்வுள்ள	109600	2670	1	1	1.61
விழச்	109600	2670	1	1	1.61
மூலமே	109600	2670	1	1	1.61
பிடிக்கப்படுகின்றது.	109600	2670	1	1	1.61
எடுத்தாலும்,	109600	2670	1	1	1.61
பதிப்பிக்கும்பொழுது	109600	2670	1	1	1.61
ஆல்புமின்	109600	2670	1	1	1.61
யாருடைய	109600	2670	1	1	1.61
உதவியும்	109600	2670	1	1	1.61
திருமணம்,	109600	2670	1	1	1.61
காதணி	109600	2670	1	1	1.61
விசேஷங்களுக்குச்	109600	2670	1	1	1.61
எடுக்கவைக்கிறது.	109600	2670	1	1	1.61
விசேஷங்களுக்குக்	109600	2670	1	1	1.61
கூப்பிட்டா	109600	2670	1	1	1.61
போய்ப்	109600	2670	1	1	1.61
எடுப்பேன்”	109600	2670	1	1	1.61
கொண்டிருக்கும்போதே	109600	2670	1	1	1.61
வாடிக்கையாளர்கள்.	109600	2670	1	1	1.61
வேணும்”	109600	2670	1	1	1.61
என்றதும்,	109600	2670	1	1	1.61
கேமராவைக்	109600	2670	1	1	1.61
2.0.	109600	2670	1	1	1.61
தன்னியல்பாக	109600	2670	1	1	1.61
உள்ளிழுத்துக்	109600	2670	1	1	1.61
தந்தையைப்	109600	2670	1	1	1.61
குறும்பை	109600	2670	1	1	1.61
செய்வதுடன்	109600	2670	1	1	1.61
நிறைகிறது.	109600	2670	1	1	1.61
நாடுகளைக்	109600	2670	1	1	1.61
கண்காணிக்க,	109600	2670	1	1	1.61
நிலைக்கும்	109600	2670	1	1	1.61
பயங்கரத்தையும்	109600	2670	1	1	1.61
செய்திருக்கிறது.	109600	2670	1	1	1.61
எண்பதுகளின்	109600	2670	1	1	1.61
இயங்குவதால்	109600	2670	1	1	1.61
திறமையாக	109600	2670	1	1	1.61
வைக்கப்பட்டிருக்கின்றன.	109600	2670	1	1	1.61
நுட்பத்தின்	109600	2670	1	1	1.61
‘வித்தியாசமான’	109600	2670	1	1	1.61
பாவனையில்	109600	2670	1	1	1.61
வடையையே	109600	2670	1	1	1.61
முயன்றிருக்கிறார்கள்.	109600	2670	1	1	1.61
மார்வெலின்	109600	2670	1	1	1.61
பின்புலம்	109600	2670	1	1	1.61
தெரிந்துவிடும்.	109600	2670	1	1	1.61
என்பதைத்தான்	109600	2670	1	1	1.61
மல்ட்டிவெர்ஸ்கள்,	109600	2670	1	1	1.61
டைம்லூப்	109600	2670	1	1	1.61
போன்றவைகளால்	109600	2670	1	1	1.61
படங்களைவிடவும்	109600	2670	1	1	1.61
சூப்பராக	109600	2670	1	1	1.61
துவங்கும்போதே	109600	2670	1	1	1.61
புரிந்துவிடும்.	109600	2670	1	1	1.61
காற்றை	109600	2670	1	1	1.61
பிடிக்கறதுன்னு	109600	2670	1	1	1.61
கேட்காம	109600	2670	1	1	1.61
இருக்கீங்க.	109600	2670	1	1	1.61
தெரிகிற	109600	2670	1	1	1.61
பிடித்துள்ளீர்கள்.	109600	2670	1	1	1.61
மின்விசிறி	109600	2670	1	1	1.61
பயன்படுத்துவார்கள்.	109600	2670	1	1	1.61
எப்போ	109600	2670	1	1	1.61
பூ,	109600	2670	1	1	1.61
தொல்லை	109600	2670	1	1	1.61
முதலில்,	109600	2670	1	1	1.61
துவங்கியதுமே	109600	2670	1	1	1.61
சொல்லிக்கொடுக்கும்	109600	2670	1	1	1.61
ஆடியன்சுக்குச்	109600	2670	1	1	1.61
நினைக்கையில்,	109600	2670	1	1	1.61
செண்ட்டிமெண்ட்,	109600	2670	1	1	1.61
உவுவாகவேண்டிய	109600	2670	1	1	1.61
கன்னடத்தில்	109600	2670	1	1	1.61
இருப்பதாகப்	109600	2670	1	1	1.61
பேசவும்	109600	2670	1	1	1.61
செய்தனர்.	109600	2670	1	1	1.61
வாய்மொழியாகப்	109600	2670	1	1	1.61
பேசப்பட்டே	109600	2670	1	1	1.61
[Image_in_Glossographia.png]	109600	2670	1	1	1.61
படிமம்,	109600	2670	1	1	1.61
உளக்காட்சி"	109600	2670	1	1	1.61
வரையறைகள்^[1]^[2][250px-Image_created_with_a_mobile_phone.png]	109600	2670	1	1	1.61
படிமம்[250px-Faust_bei_der_Arbeit.JPG]	109600	2670	1	1	1.61
(Image)	109600	2670	1	1	1.61
எண்முறை	109600	2670	1	1	1.61
கணிணியை	109600	2670	1	1	1.61
உருவாக்காமல்,	109600	2670	1	1	1.61
விளையாடிக்	109600	2670	1	1	1.61
அடிப்பீர்கள்.	109600	2670	1	1	1.61
தேடுபொறியில்	109600	2670	1	1	1.61
நண்பர்களே,	109600	2670	1	1	1.61
2008ன்	109600	2670	1	1	1.61
அனுப்பவேண்டிய	109600	2670	1	1	1.61
காலகட்டம்	109600	2670	1	1	1.61
இன்றோடு	109600	2670	1	1	1.61
முடிவடைந்தது.	109600	2670	1	1	1.61
அமாங்ணா	109600	2670	1	1	1.61
வீட்டில	109600	2670	1	1	1.61
விடல	109600	2670	1	1	1.61
வச்சிருக்கேன்..	109600	2670	1	1	1.61
//ஸ்லைட்	109600	2670	1	1	1.61
இல்லை.//	109600	2670	1	1	1.61
உங்களுடையது	109600	2670	1	1	1.61
http://www.flickr.com/photos/ursathi/2194528661/	109600	2670	1	1	1.61
http://www.flickr.com/photos/ursathi/2195321392/	109600	2670	1	1	1.61
f/o	109600	2670	1	1	1.61
நிலாJanuary	109600	2670	1	1	1.61
7:49 PM	109600	2670	1	1	1.61
லிஸ்டில்	109600	2670	1	1	1.61
சொருவுர	109600	2670	1	1	1.61
ஆல்பத்தில்	109600	2670	1	1	1.61
கொடுங்க.!3	109600	2670	1	1	1.61
ஆரம்பிச்சி	109600	2670	1	1	1.61
வந்த	109600	2670	74	5	1.60
இந்தப்	109600	2670	28	3	1.59
ஐந்து	109600	2670	11	2	1.58
திரைக்கதை	109600	2670	11	2	1.58
என்னைப்	109600	2670	11	2	1.58
போது,	109600	2670	11	2	1.58
முழுக்க	109600	2670	11	2	1.58
ஸ்ட்ரேஞ்ச்	109600	2670	11	2	1.58
1	109600	2670	75	5	1.58
ஆனால்	109600	2670	133	7	1.55
இப்போது	109600	2670	30	3	1.52
Sunday,	109600	2670	12	2	1.51
அவசியம்	109600	2670	12	2	1.51
உக்ரம்	109600	2670	12	2	1.51
பழைய	109600	2670	54	4	1.49
தான்.	109600	2670	31	3	1.49
Wednesday,	109600	2670	13	2	1.45
English	109600	2670	33	3	1.42
அதிக	109600	2670	33	3	1.42
ஒரே	109600	2670	58	4	1.40
முடியவில்லை.	109600	2670	14	2	1.40
வர	109600	2670	14	2	1.40
skip	109600	2670	14	2	1.40
கேமரா	109600	2670	14	2	1.40
பட	109600	2670	34	3	1.40
2008	109600	2670	86	5	1.39
அதை	109600	2670	89	5	1.35
தெரியும்.	109600	2670	15	2	1.34
அரங்கு	109600	2670	15	2	1.34
11,	109600	2670	15	2	1.34
idiots	109600	2670	2	1	1.32
பத்மினி	109600	2670	2	1	1.32
ரசித்த	109600	2670	2	1	1.32
நினைத்தால்	109600	2670	2	1	1.32
சீரியஸாக	109600	2670	2	1	1.32
நிமிடங்கள்	109600	2670	2	1	1.32
ஆகாயத்தின்	109600	2670	2	1	1.32
பதிவைப்	109600	2670	2	1	1.32
சபாஷ்	109600	2670	2	1	1.32
பொம்மல	109600	2670	2	1	1.32
பெள்ளி	109600	2670	2	1	1.32
ஆணை	109600	2670	2	1	1.32
சாரங்கதாரா	109600	2670	2	1	1.32
முல்லை	109600	2670	2	1	1.32
பண்ண	109600	2670	2	1	1.32
3Dயாக	109600	2670	2	1	1.32
உண்டாகிறது.	109600	2670	2	1	1.32
கூடியது.	109600	2670	2	1	1.32
3Dல்	109600	2670	2	1	1.32
அப்போதுதான்	109600	2670	2	1	1.32
சிரித்து	109600	2670	2	1	1.32
ஆனந்த்	109600	2670	2	1	1.32
பாத்துட்டு	109600	2670	2	1	1.32
அப்படின்னு	109600	2670	2	1	1.32
கிளப்பப்போகும்	109600	2670	2	1	1.32
காலப்	109600	2670	2	1	1.32
பார்ப்பவர்கள்	109600	2670	2	1	1.32
80	109600	2670	2	1	1.32
எதிர்பாராதது	109600	2670	2	1	1.32
ராஜா.	109600	2670	2	1	1.32
வாழ்விலே	109600	2670	2	1	1.32
பாகங்களாக	109600	2670	2	1	1.32
அவளும்	109600	2670	2	1	1.32
கட்டுப்படுத்த	109600	2670	2	1	1.32
ஒன்றைப்	109600	2670	2	1	1.32
தாமதமாக	109600	2670	2	1	1.32
ஜவஹர்	109600	2670	2	1	1.32
ஆயிடுச்சு.	109600	2670	2	1	1.32
கலகலன்னு	109600	2670	2	1	1.32
பாத்ததுக்கு	109600	2670	2	1	1.32
அமீர்	109600	2670	2	1	1.32
இல்லியாம்.	109600	2670	2	1	1.32
புதுக்	109600	2670	2	1	1.32
தூரிகை	109600	2670	2	1	1.32
போயிற்று.	109600	2670	2	1	1.32
முடியும்?	109600	2670	2	1	1.32
அரைகுறை	109600	2670	2	1	1.32
வரைபடத்தை	109600	2670	2	1	1.32
-2	109600	2670	2	1	1.32
செல்லம்	109600	2670	2	1	1.32
ஹொய்சளர்கள்	109600	2670	2	1	1.32
கோவிலில்	109600	2670	2	1	1.32
ஆச்சரியத்தை	109600	2670	2	1	1.32
அலை	109600	2670	2	1	1.32
டூப்ளிகேட்	109600	2670	2	1	1.32
அளவுகள்	109600	2670	2	1	1.32
கொடுத்துள்ளேன்.	109600	2670	2	1	1.32
அமைத்தால்	109600	2670	2	1	1.32
பிரேமில்	109600	2670	2	1	1.32
பார்வையாளரை	109600	2670	2	1	1.32
மொழிபெயர்ப்புகள்	109600	2670	2	1	1.32
Kurdî	109600	2670	2	1	1.32
Malagasy	109600	2670	2	1	1.32
मराठी	109600	2670	2	1	1.32
Star	109600	2670	2	1	1.32
சந்தேகமே.	109600	2670	2	1	1.32
டிவியில்	109600	2670	2	1	1.32
வா'	109600	2670	2	1	1.32
Dec	109600	2670	2	1	1.32
பார்க்கும்போது	109600	2670	2	1	1.32
உற்சாகம்	109600	2670	2	1	1.32
ஒதுக்கிவிட்டு	109600	2670	2	1	1.32
ரொம்பப்	109600	2670	2	1	1.32
சிவம்.	109600	2670	2	1	1.32
கோணத்திலும்	109600	2670	2	1	1.32
முன்னமே	109600	2670	2	1	1.32
கண்ணீருடன்	109600	2670	2	1	1.32
சிரித்தபடி	109600	2670	2	1	1.32
சொன்னது	109600	2670	2	1	1.32
அப்படித்தான்	109600	2670	2	1	1.32
நினைக்கிறேன்..	109600	2670	2	1	1.32
பெயர்கள்	109600	2670	2	1	1.32
Lessons	109600	2670	2	1	1.32
சிரமம்	109600	2670	2	1	1.32
பரவாயில்லை	109600	2670	2	1	1.32
மதுமிதாOctober	109600	2670	2	1	1.32
5D	109600	2670	2	1	1.32
